258
258
258
258
258
258
258
258
258
258
258
258
258
258
258
258
258
258
258
258
258
258
258
258
258
258
258
258
258
258
258
258
258
258
258
258
258
258
258
258
258
258
258
258
258
258
258
258
258
258
258
258
258
258
258
258
258
258
258
258
258
258
258
258
258
258
258
258
258
258
258
258
258
258
258
258
258
258
258
258
258
258
258
258
258
258
258
258
258
258
258
258
258
258
258
258
258
258
258
258
258
258
258
258
258
258
258
258
258
258
258
258
258
258
258
258
258
258
258
258
258
258
258
258
258
258
258
258
258
258
258
258
258
258
258
258
258
258
258
258
258
258
258
258
258
258
258
258
258
258
258
258
258
258
258
258
258
258
258
258
258
258
258
258
258
258
258
258
258
258
258
258
258
258
258
258
258
258
258
258
258
258
258
258
258
258
258
258
258
258
258
258
258
258
258
258
258
258
258
258
257
257
256
256
255
255
254
254
253
253
252
252
251
251
250
250
24F
24F
24E
24E
24D
24D
24C
24C
24B
24B
24A
24A
249
249
248
248
247
247
246
246
245
245
244
244
243
243
242
242
241
241
240
240
23F
23F
23E
23E
23D
23D
23C
23C
23B
23B
23A
23A
239
239
238
238
237
237
236
236
235
235
234
234
233
233
232
232
231
231
230
230
230
230
230
230
230
230
230
230
230
230
230
230
230
230
230
230
230
230
230
230
230
230
230
230
230
230
230
230
230
230
230
230
230
230
230
230
230
230
230
230
230
230
230
230
230
230
230
230
230
230
230
230
230
230
230
230
230
230
230
230
230
230
230
230
230
230
230
230
230
230
230
230
230
230
230
230
230
230
230
230
230
230
230
230
230
230
230
230
230
230
230
230
230
230
230
230
230
230
230
230
22F
22F
22E
22E
22D
22D
22C
22C
22B
22B
22A
22A
229
229
228
228
227
227
226
226
225
225
224
224
223
223
222
222
221
221
220
220
21F
21F
21E
21E
21D
21D
21C
21C
21B
21B
21A
21A
219
219
218
218
217
217
216
216
215
215
214
214
213
213
212
212
212
212
212
212
212
212
212
212
212
212
212
212
212
212
212
212
212
212
212
212
212
212
212
212
212
212
212
212
212
212
212
212
212
212
212
212
212
212
212
212
212
212
212
212
212
212
212
212
212
212
212
212
212
212
212
212
212
212
212
212
212
212
212
212
212
212
212
212
212
212
212
212
212
212
212
212
212
212
212
212
212
212
212
212
212
212
212
212
212
212
212
212
212
212
212
212
212
212
212
212
212
212
212
212
212
212
212
212
212
212
212
212
212
212
212
212
212
212
212
212
212
212
212
212
212
212
212
212
212
212
212
212
212
212
212
212
212
212
212
212
212
212
212
212
212
212
213
213
214
214
215
215
216
216
217
217
218
218
219
219
21A
21A
21B
21B
21C
21C
21D
21D
21E
21E
21F
21F
220
220
221
221
222
222
223
223
224
224
225
225
226
226
227
227
228
228
229
229
22A
22A
22B
22B
22C
22C
22D
22D
22E
22E
22F
22F
230
230
230
230
230
230
230
230
230
230
230
230
230
230
230
230
230
230
230
230
230
230
230
230
230
230
230
230
230
230
230
230
230
230
230
230
230
230
230
230
230
230
230
230
230
230
230
230
230
230
230
230
230
230
230
230
230
230
230
230
230
230
230
230
230
230
230
230
230
230
230
230
230
230
230
230
230
230
230
230
230
230
230
230
230
230
230
230
230
230
230
230
230
230
230
230
230
230
230
230
230
230
231
231
232
232
233
233
234
234
235
235
236
236
237
237
238
238
239
239
23A
23A
23B
23B
23C
23C
23D
23D
23E
23E
23F
23F
240
240
241
241
242
242
243
243
244
244
245
245
246
246
247
247
248
248
249
249
24A
24A
24B
24B
24C
24C
24D
24D
24E
24E
24F
24F
250
250
251
251
252
252
253
253
254
254
255
255
256
256
257
257
258
258
258
258
258
258
258
258
258
258
258
258
258
258
258
258
258
258
258
258
258
258
258
258
258
258
258
258
258
258
258
258
258
258
258
258
258
258
258
258
258
258
258
258
258
258
258
258
258
258
258
258
258
258
258
258
258
258
258
258
258
258
258
258
258
258
258
258
258
258
258
258
258
258
258
258
258
258
258
258
258
258
258
258
258
258
258
258
258
258
258
258
258
258
258
258
258
258
258
258
258
258
258
258
258
258
258
258
258
258
258
258
258
258
258
258
258
258
258
258
258
258
258
258
258
258
258
258
258
258
258
258
258
258
258
258
258
258
258
258
258
258
258
258
258
258
258
258
258
258
258
258
258
258
258
258
258
258
258
258
258
258
258
258
258
258
258
258
258
258
258
258
258
258
258
258
258
258
258
258
258
258
258
258
258
258
258
258
258
258
258
258
258
258
258
258
258
258
258
258
